------------------------------------------------------------------------------------------
blueprint 2: [[2, 0, 0, 0], [3, 0, 0, 0], [3, 8, 0, 0], [3, 0, 12, 0]]
------------------------------------------------------------------------------------------
 updated geode robot 0 creation minimum: [23, 25]
 new max assets: [9, 14, 5, 1] with path: [[1, 20], [2, 11], [1, 10], [2, 6], [3, 1]]
 updated geode robot 0 creation minimum: [22, 25]
 new max assets: [3, 15, 9, 2] with path: [[1, 20], [2, 11], [1, 10], [1, 9], [2, 6], [2, 4], [3, 2]]
 updated geode robot 0 creation minimum: [20, 25]
 new max assets: [3, 15, 13, 4] with path: [[1, 20], [1, 17], [2, 13], [2, 9], [3, 4], [2, 3], [1, 2]]
 updated geode robot 1 creation minimum: [20, 23, 25]
 new max assets: [10, 16, 8, 5] with path: [[1, 20], [1, 17], [0, 15], [2, 13], [1, 11], [2, 9], [2, 7], [3, 4], [2, 3], [3, 1]]
 updated geode robot 1 creation minimum: [20, 22, 25]
 updated geode robot 0 creation minimum: [19, 22, 25]
 new max assets: [16, 26, 6, 6] with path: [[1, 20], [0, 18], [1, 16], [1, 14], [2, 13], [2, 10], [2, 7], [3, 5], [3, 1]]
 new max assets: [10, 29, 13, 7] with path: [[1, 20], [0, 18], [1, 16], [1, 14], [2, 13], [1, 11], [2, 10], [2, 8], [2, 6], [3, 5], [3, 2]]
 updated geode robot 2 creation minimum: [19, 22, 23, 25]
 new max assets: [6, 26, 14, 8] with path: [[1, 20], [0, 18], [0, 16], [1, 15], [1, 14], [1, 13], [2, 12], [1, 11], [2, 10], [1, 9], [2, 8], [2, 7], [2, 6], [3, 5], [2, 4], [2, 3], [3, 2], [3, 1]]
 updated geode robot 0 creation minimum: [18, 22, 23, 25]
 updated geode robot 1 creation minimum: [18, 21, 23, 25]
 new max assets: [10, 24, 18, 9] with path: [[0, 21], [1, 19], [1, 17], [1, 16], [2, 13], [1, 12], [2, 11], [2, 9], [2, 7], [3, 6], [3, 3], [2, 2]]
 new max assets: [9, 26, 13, 10] with path: [[0, 21], [1, 19], [1, 17], [1, 16], [1, 14], [2, 13], [2, 11], [0, 10], [2, 9], [1, 8], [2, 7], [3, 6], [2, 5], [2, 4], [3, 3], [3, 1]]
 updated geode robot 2 creation minimum: [18, 21, 22, 25]
 new max assets: [12, 32, 21, 11] with path: [[0, 21], [0, 19], [1, 18], [1, 17], [1, 16], [1, 15], [2, 13], [1, 12], [2, 11], [1, 10], [2, 9], [2, 8], [2, 7], [3, 6], [2, 5], [2, 4], [3, 3], [3, 2]]
 updated geode robot 1 creation minimum: [18, 20, 22, 25]
 new max assets: [18, 32, 18, 12] with path: [[0, 21], [0, 19], [1, 18], [1, 17], [1, 16], [1, 15], [1, 14], [2, 13], [2, 11], [2, 10], [2, 8], [2, 7], [3, 6], [2, 5], [3, 4], [3, 2]]
------------------------------------------------------------------------------------------
runtime blueprint 2: 00:01:13
------------------------------------------------------------------------------------------