------------------------------------------------------------------------------------------
blueprint 1: [[3, 0, 0, 0], [4, 0, 0, 0], [4, 18, 0, 0], [3, 0, 8, 0]]
------------------------------------------------------------------------------------------
 updated geode robot 0 creation minimum: [26, 33]
 updated geode robot 1 creation minimum: [26, 31, 33]
 new max assets: [10, 14, 4, 7] with path: [[1, 27], [1, 23], [2, 15], [3, 6], [2, 5], [3, 1]]
 updated geode robot 1 creation minimum: [26, 30, 33]
 new max assets: [6, 28, 7, 8] with path: [[1, 27], [1, 23], [2, 15], [1, 14], [2, 8], [3, 6], [3, 2]]
 updated geode robot 0 creation minimum: [25, 30, 33]
 updated geode robot 1 creation minimum: [25, 29, 33]
 new max assets: [5, 33, 9, 10] with path: [[1, 27], [1, 23], [1, 19], [2, 15], [2, 10], [3, 7], [3, 3], [0, 2]]
 updated geode robot 2 creation minimum: [25, 29, 31, 33]
 new max assets: [12, 26, 6, 11] with path: [[1, 27], [1, 23], [0, 20], [1, 17], [2, 15], [1, 13], [2, 10], [3, 7], [2, 5], [3, 3], [3, 1]]
 updated geode robot 1 creation minimum: [25, 28, 31, 33]
 new max assets: [8, 35, 7, 12] with path: [[1, 27], [1, 23], [0, 20], [1, 17], [2, 15], [1, 13], [2, 10], [1, 9], [3, 7], [2, 6], [3, 4], [3, 1]]
 updated geode robot 2 creation minimum: [25, 28, 30, 33]
 updated geode robot 0 creation minimum: [24, 28, 30, 33]
 new max assets: [16, 30, 8, 13] with path: [[1, 27], [0, 24], [1, 21], [1, 19], [1, 17], [2, 15], [2, 11], [3, 8], [2, 6], [3, 4], [3, 1]]
 new max assets: [12, 40, 9, 14] with path: [[1, 27], [0, 24], [1, 21], [1, 19], [1, 17], [2, 15], [2, 11], [1, 10], [3, 8], [2, 7], [3, 4], [3, 2]]
 updated geode robot 1 creation minimum: [24, 27, 30, 33]
 updated geode robot 3 creation minimum: [24, 27, 30, 31, 33]
 new max assets: [16, 38, 10, 15] with path: [[1, 27], [0, 24], [1, 21], [0, 20], [1, 18], [1, 17], [2, 15], [1, 14], [0, 13], [1, 12], [2, 11], [1, 10], [1, 9], [3, 8], [2, 7], [2, 6], [3, 4], [2, 3], [3, 2], [3, 1]]
 updated geode robot 2 creation minimum: [24, 27, 29, 31, 33]
 new max assets: [28, 49, 8, 16] with path: [[1, 27], [0, 24], [1, 21], [0, 20], [1, 18], [0, 17], [1, 16], [2, 15], [1, 14], [1, 13], [1, 12], [2, 11], [2, 8], [3, 7], [2, 6], [3, 5], [3, 3], [3, 1]]
 new max assets: [16, 52, 9, 17] with path: [[1, 27], [0, 24], [0, 22], [1, 20], [1, 19], [1, 17], [1, 16], [2, 15], [1, 13], [1, 12], [2, 11], [2, 9], [3, 8], [2, 6], [3, 5], [3, 3], [3, 1]]
 updated geode robot 3 creation minimum: [24, 27, 29, 30, 33]
 updated geode robot 0 creation minimum: [23, 27, 29, 30, 33]
 new max assets: [9, 27, 8, 18] with path: [[0, 28], [1, 25], [1, 23], [1, 21], [1, 19], [2, 16], [2, 12], [1, 11], [3, 9], [2, 8], [3, 5], [2, 4], [3, 3], [3, 1]]
 updated geode robot 1 creation minimum: [23, 26, 29, 30, 33]
 new max assets: [20, 46, 15, 19] with path: [[0, 28], [1, 25], [1, 23], [1, 21], [1, 19], [0, 18], [2, 16], [0, 15], [1, 14], [1, 13], [2, 12], [1, 11], [1, 10], [3, 9], [2, 8], [2, 7], [3, 5], [2, 4], [3, 3], [3, 2]]
 updated geode robot 2 creation minimum: [23, 26, 28, 30, 33]
 new max assets: [32, 57, 12, 20] with path: [[0, 28], [1, 25], [1, 23], [1, 21], [0, 20], [1, 18], [0, 17], [2, 16], [1, 15], [1, 14], [1, 13], [2, 12], [2, 9], [3, 8], [2, 7], [3, 6], [3, 4], [3, 2]]
 updated geode robot 4 creation minimum: [23, 26, 28, 30, 31, 33]
 new max assets: [17, 32, 12, 21] with path: [[0, 28], [1, 25], [1, 23], [1, 21], [0, 20], [1, 18], [0, 17], [2, 16], [1, 15], [1, 14], [1, 13], [2, 12], [1, 11], [2, 9], [3, 8], [2, 7], [3, 6], [2, 5], [3, 4], [2, 3], [3, 2], [3, 1]]
 new max assets: [13, 42, 10, 22] with path: [[0, 28], [1, 25], [1, 23], [0, 22], [1, 20], [1, 19], [1, 17], [2, 16], [1, 15], [1, 13], [2, 12], [2, 10], [3, 9], [2, 7], [3, 6], [2, 5], [3, 4], [3, 2], [3, 1]]
 updated geode robot 3 creation minimum: [23, 26, 28, 29, 31, 33]
 new max assets: [11, 55, 12, 23] with path: [[0, 28], [1, 25], [0, 24], [1, 22], [1, 21], [1, 19], [1, 18], [2, 16], [1, 15], [1, 14], [2, 13], [1, 11], [2, 10], [3, 9], [2, 8], [3, 6], [2, 5], [3, 4], [3, 3], [3, 1]]
 updated geode robot 1 creation minimum: [23, 25, 28, 29, 31, 33]
 updated geode robot 2 creation minimum: [23, 25, 27, 29, 31, 33]
 new max assets: [33, 78, 8, 25] with path: [[0, 28], [1, 25], [0, 24], [1, 22], [0, 21], [1, 20], [1, 19], [1, 18], [1, 17], [2, 16], [1, 15], [1, 14], [2, 13], [2, 11], [3, 9], [2, 8], [3, 7], [3, 5], [3, 3], [3, 1]]
 updated geode robot 4 creation minimum: [23, 25, 27, 29, 30, 33]
 new max assets: [25, 42, 18, 26] with path: [[0, 28], [1, 25], [0, 24], [1, 22], [0, 21], [1, 20], [1, 19], [1, 18], [1, 17], [2, 16], [1, 15], [1, 14], [2, 13], [2, 11], [3, 9], [2, 8], [3, 7], [2, 6], [3, 5], [2, 4], [3, 3], [3, 2]]
 updated geode robot 0 creation minimum: [22, 25, 27, 29, 30, 33]
 new max assets: [37, 51, 15, 27] with path: [[0, 28], [0, 26], [1, 24], [0, 23], [1, 22], [1, 21], [1, 20], [1, 19], [1, 18], [1, 17], [2, 16], [2, 14], [2, 11], [3, 10], [2, 8], [3, 7], [2, 6], [3, 5], [3, 3], [3, 2]]
 updated geode robot 5 creation minimum: [22, 25, 27, 29, 30, 31, 33]
 new max assets: [26, 46, 12, 28] with path: [[0, 28], [0, 26], [1, 24], [0, 23], [1, 22], [1, 21], [1, 20], [1, 19], [1, 18], [1, 17], [2, 16], [2, 14], [1, 13], [2, 11], [3, 10], [2, 9], [3, 7], [2, 6], [3, 5], [2, 4], [3, 3], [3, 2], [3, 1]]
 updated geode robot 3 creation minimum: [22, 25, 27, 28, 30, 31, 33]
 new max assets: [22, 91, 10, 29] with path: [[0, 28], [0, 26], [1, 24], [0, 23], [1, 22], [1, 21], [1, 20], [1, 19], [1, 18], [1, 17], [2, 16], [1, 15], [2, 14], [1, 13], [1, 12], [2, 11], [3, 10], [2, 9], [2, 8], [3, 7], [3, 5], [3, 4], [3, 2], [3, 1]]
 updated geode robot 4 creation minimum: [22, 25, 27, 28, 29, 31, 33]
 new max assets: [18, 73, 16, 30] with path: [[0, 28], [0, 26], [1, 24], [0, 23], [1, 22], [1, 21], [1, 20], [1, 19], [1, 18], [1, 17], [2, 16], [1, 15], [2, 14], [1, 13], [1, 12], [2, 11], [3, 10], [2, 9], [2, 8], [3, 7], [2, 6], [3, 5], [3, 4], [3, 3], [3, 1]]
------------------------------------------------------------------------------------------
max number of geodes: 30
runtime blueprint 1: 00:05:18
------------------------------------------------------------------------------------------