------------------------------------------------------------------------------------------
blueprint 2: [[2, 0, 0, 0], [4, 0, 0, 0], [4, 20, 0, 0], [3, 0, 14, 0]]
------------------------------------------------------------------------------------------
 updated geode robot 0 creation minimum: [31, 33]
 new max assets: [13, 10, 4, 1] with path: [[1, 27], [1, 23], [2, 14], [2, 4], [3, 1]]
 updated geode robot 0 creation minimum: [30, 33]
 new max assets: [9, 23, 6, 2] with path: [[1, 27], [1, 23], [2, 14], [1, 13], [2, 6], [3, 2]]
 updated geode robot 0 creation minimum: [29, 33]
 new max assets: [5, 9, 11, 3] with path: [[1, 27], [1, 23], [1, 19], [2, 15], [2, 8], [3, 3], [2, 2]]
 updated geode robot 0 creation minimum: [28, 33]
 new max assets: [16, 24, 13, 4] with path: [[1, 27], [1, 23], [0, 21], [1, 18], [2, 15], [1, 14], [2, 9], [3, 4], [2, 3], [1, 2]]
 updated geode robot 0 creation minimum: [27, 33]
 updated geode robot 1 creation minimum: [27, 31, 33]
 new max assets: [30, 36, 8, 6] with path: [[1, 27], [1, 23], [0, 21], [1, 18], [0, 17], [0, 16], [2, 15], [1, 14], [1, 13], [1, 12], [2, 10], [1, 9], [2, 7], [3, 5], [2, 4], [3, 1]]
 updated geode robot 1 creation minimum: [27, 30, 33]
 new max assets: [30, 56, 12, 7] with path: [[1, 27], [0, 25], [1, 22], [1, 20], [1, 18], [0, 17], [0, 16], [2, 15], [1, 14], [1, 13], [1, 12], [2, 11], [1, 10], [2, 8], [2, 6], [3, 5], [3, 2]]
 updated geode robot 0 creation minimum: [26, 30, 33]
 new max assets: [34, 61, 12, 8] with path: [[1, 27], [0, 25], [1, 22], [1, 20], [0, 19], [0, 18], [1, 17], [1, 16], [2, 15], [1, 14], [1, 13], [1, 12], [2, 11], [2, 9], [3, 6], [2, 5], [3, 2]]
 updated geode robot 1 creation minimum: [26, 29, 33]
 new max assets: [26, 34, 22, 9] with path: [[1, 27], [0, 25], [1, 22], [0, 21], [0, 20], [1, 19], [1, 18], [1, 17], [1, 16], [2, 15], [1, 14], [2, 12], [1, 11], [1, 10], [2, 9], [2, 7], [3, 6], [2, 5], [3, 3], [2, 2]]
 updated geode robot 0 creation minimum: [25, 29, 33]
 new max assets: [42, 37, 18, 10] with path: [[1, 27], [0, 25], [0, 23], [0, 22], [1, 21], [1, 20], [1, 19], [1, 18], [1, 17], [2, 16], [1, 15], [2, 12], [2, 10], [3, 7], [2, 6], [3, 3], [2, 2]]
 updated geode robot 2 creation minimum: [25, 29, 31, 33]
 new max assets: [27, 71, 10, 11] with path: [[1, 27], [0, 25], [0, 23], [0, 22], [1, 21], [1, 20], [1, 19], [1, 18], [1, 17], [2, 16], [1, 15], [1, 14], [2, 12], [1, 11], [2, 10], [1, 9], [2, 8], [3, 7], [2, 6], [3, 3], [3, 1]]
 updated geode robot 1 creation minimum: [25, 28, 31, 33]
 new max assets: [23, 70, 11, 12] with path: [[0, 29], [1, 26], [1, 24], [1, 22], [1, 20], [0, 19], [0, 18], [2, 17], [1, 16], [1, 15], [1, 14], [1, 13], [2, 12], [1, 11], [2, 10], [1, 9], [2, 8], [3, 7], [2, 6], [3, 4], [3, 1]]
 updated geode robot 0 creation minimum: [24, 28, 31, 33]
 new max assets: [43, 44, 11, 13] with path: [[0, 29], [1, 26], [1, 24], [0, 23], [0, 22], [1, 21], [1, 20], [1, 19], [1, 18], [2, 17], [1, 16], [2, 13], [2, 11], [3, 8], [2, 7], [2, 5], [3, 4], [3, 1]]
 updated geode robot 2 creation minimum: [24, 28, 30, 33]
 new max assets: [31, 81, 15, 14] with path: [[0, 29], [1, 26], [1, 24], [0, 23], [0, 22], [1, 21], [1, 20], [1, 19], [1, 18], [2, 17], [1, 16], [1, 15], [2, 13], [1, 12], [2, 11], [1, 10], [2, 9], [3, 8], [2, 7], [3, 4], [3, 2]]
 updated geode robot 1 creation minimum: [24, 27, 30, 33]
 new max assets: [31, 80, 16, 15] with path: [[0, 29], [1, 26], [0, 25], [1, 23], [1, 22], [1, 21], [0, 20], [1, 19], [1, 18], [2, 17], [1, 16], [2, 14], [1, 13], [1, 12], [2, 11], [1, 10], [2, 9], [3, 8], [2, 7], [3, 5], [3, 2]]
 updated geode robot 2 creation minimum: [24, 27, 29, 33]
 updated geode robot 3 creation minimum: [24, 27, 29, 31, 33]
 new max assets: [24, 50, 14, 16] with path: [[0, 29], [1, 26], [0, 25], [0, 24], [1, 23], [1, 22], [1, 21], [1, 20], [1, 19], [1, 18], [2, 17], [1, 16], [2, 14], [1, 13], [1, 12], [2, 11], [2, 10], [2, 8], [3, 7], [2, 6], [3, 5], [2, 4], [3, 3], [3, 1]]
 new max assets: [24, 51, 14, 17] with path: [[0, 29], [1, 26], [0, 25], [0, 24], [1, 23], [1, 22], [1, 21], [1, 20], [1, 19], [1, 18], [2, 17], [1, 16], [1, 15], [2, 14], [2, 12], [1, 11], [2, 10], [3, 8], [2, 7], [2, 6], [3, 5], [2, 4], [3, 3], [3, 1]]
 updated geode robot 0 creation minimum: [23, 27, 29, 31, 33]
 new max assets: [28, 50, 14, 18] with path: [[0, 29], [0, 27], [0, 26], [1, 25], [1, 24], [1, 23], [1, 22], [1, 21], [1, 20], [2, 18], [1, 17], [2, 15], [1, 14], [1, 13], [2, 12], [1, 11], [3, 9], [2, 8], [2, 7], [2, 6], [3, 5], [2, 4], [3, 3], [3, 1]]
 updated geode robot 1 creation minimum: [23, 26, 29, 31, 33]
 new max assets: [32, 70, 12, 19] with path: [[0, 29], [0, 27], [0, 26], [1, 25], [1, 24], [1, 23], [1, 22], [1, 21], [1, 20], [2, 18], [1, 17], [2, 15], [1, 14], [1, 13], [2, 12], [1, 11], [2, 10], [3, 9], [2, 8], [3, 6], [2, 5], [3, 3], [3, 1]]
 updated geode robot 2 creation minimum: [23, 26, 28, 31, 33]
 new max assets: [32, 81, 16, 20] with path: [[0, 29], [0, 27], [0, 26], [1, 25], [1, 24], [1, 23], [1, 22], [1, 21], [1, 20], [1, 19], [2, 18], [1, 17], [1, 16], [2, 15], [1, 14], [2, 13], [2, 11], [3, 9], [2, 8], [2, 7], [3, 6], [3, 4], [3, 1]]
 updated geode robot 3 creation minimum: [23, 26, 28, 30, 33]
 new max assets: [28, 61, 21, 21] with path: [[0, 29], [0, 27], [0, 26], [1, 25], [1, 24], [1, 23], [1, 22], [1, 21], [1, 20], [1, 19], [2, 18], [1, 17], [1, 16], [2, 15], [1, 14], [2, 13], [2, 11], [3, 9], [2, 8], [2, 7], [3, 6], [2, 5], [3, 4], [3, 2]]
------------------------------------------------------------------------------------------
max number of geodes: 21
runtime blueprint 2: 01:10:55
------------------------------------------------------------------------------------------