------------------------------------------------------------------------------------------
blueprint 7: [[2, 0, 0, 0], [3, 0, 0, 0], [3, 16, 0, 0], [2, 0, 11, 0]]
------------------------------------------------------------------------------------------
 updated geode robot 0 creation minimum: [23, 25]
 new max assets: [7, 19, 4, 1] with path: [[1, 20], [1, 17], [1, 14], [2, 10], [2, 5], [3, 1]]
 updated geode robot 0 creation minimum: [22, 25]
 new max assets: [16, 36, 9, 2] with path: [[1, 20], [1, 17], [0, 15], [0, 13], [1, 12], [1, 11], [2, 10], [1, 9], [1, 8], [1, 7], [2, 6], [2, 4], [3, 2]]
 updated geode robot 0 creation minimum: [21, 25]
 new max assets: [11, 21, 14, 3] with path: [[0, 21], [1, 19], [1, 17], [1, 16], [1, 14], [2, 11], [1, 10], [1, 9], [2, 7], [2, 5], [3, 3], [2, 2]]
 updated geode robot 0 creation minimum: [20, 25]
 new max assets: [25, 31, 18, 4] with path: [[0, 21], [0, 19], [1, 18], [1, 17], [1, 16], [1, 15], [1, 14], [1, 13], [2, 11], [2, 9], [2, 6], [3, 4], [2, 3], [1, 2]]
 updated geode robot 1 creation minimum: [20, 23, 25]
 new max assets: [17, 54, 9, 5] with path: [[0, 21], [0, 19], [1, 18], [1, 17], [1, 16], [1, 15], [1, 14], [1, 13], [2, 11], [1, 10], [2, 9], [1, 8], [1, 7], [2, 6], [2, 5], [3, 4], [3, 1]]
------------------------------------------------------------------------------------------
runtime blueprint 7: 00:02:21
------------------------------------------------------------------------------------------