------------------------------------------------------------------------------------------
blueprint 6: [[3, 0, 0, 0], [4, 0, 0, 0], [2, 11, 0, 0], [2, 0, 10, 0]]
------------------------------------------------------------------------------------------
 updated geode robot 0 creation minimum: [23, 25]
 new max assets: [10, 12, 5, 1] with path: [[1, 19], [1, 15], [2, 10], [2, 5], [3, 1]]
 updated geode robot 0 creation minimum: [22, 25]
 new max assets: [6, 21, 6, 2] with path: [[1, 19], [1, 15], [2, 10], [1, 9], [2, 6], [3, 2]]
 updated geode robot 0 creation minimum: [21, 25]
 new max assets: [11, 20, 14, 3] with path: [[0, 20], [1, 17], [1, 15], [1, 13], [1, 11], [2, 10], [1, 8], [2, 7], [2, 5], [3, 3], [2, 2]]
 updated geode robot 1 creation minimum: [21, 23, 25]
 new max assets: [20, 32, 8, 4] with path: [[0, 20], [0, 18], [1, 16], [1, 15], [1, 13], [1, 12], [1, 11], [2, 10], [1, 9], [2, 8], [2, 6], [2, 4], [3, 3], [3, 1]]
------------------------------------------------------------------------------------------
runtime blueprint 6: 00:00:23
------------------------------------------------------------------------------------------